1.000000000000000000e+00,3.486662524746814706e-01,2.159535207231097487e-01,2.675520050122172644e-01,-5.541821230249890928e-02,-1.572978533729169348e-01,1.480954321144568320e-01,-2.313288743954839549e-02,-2.254797303894817695e-01,7.552929203356377463e-02,-2.396855275372019450e-02,8.772953036217741307e-02,3.471571606023258760e-01,-1.423292401511597194e-01,1.728577810374468948e-01,3.299121894426608192e-01,-1.917506135822159286e-01,8.460248265053468830e-02,8.983801687504837652e-01
3.486662524746814706e-01,1.000000000000000000e+00,3.619263425590367178e-01,3.300562151169823544e-01,-5.981890475435358567e-01,-6.151125235113685807e-01,-4.945850270057075559e-01,-4.323583274200701321e-01,-3.086614265129033474e-01,-2.000652073518918717e-01,-2.641810154430266899e-01,-1.880827301365229631e-01,7.990978628347688018e-01,-1.658524622665872306e-01,-1.417757571371247305e-01,7.951239686476592183e-01,-2.021001826058769213e-01,-1.649872847615998506e-01,2.895609960602943400e-01
2.159535207231097487e-01,3.619263425590367178e-01,1.000000000000000000e+00,6.719164386704820080e-01,-1.577212269119793175e-01,8.125734822513767941e-02,-8.098713391318113075e-02,-5.880776584559221920e-02,-7.061997966227040457e-02,3.218261464688643159e-02,1.815485656664995173e-01,1.259860215777504344e-01,4.139260693085275999e-01,-8.414201378582704741e-03,-6.460424682435390864e-02,3.856945740695061908e-01,2.150078517705997574e-02,1.559004184271876037e-01,1.988306523196173292e-01
2.675520050122172644e-01,3.300562151169823544e-01,6.719164386704820080e-01,1.000000000000000000e+00,-6.919747923441109394e-02,4.562772987095201765e-02,-5.225724638174177733e-02,-5.298610672444650088e-02,-3.108041764973261678e-01,2.582015158421981926e-01,2.590495366892783813e-01,3.174209867962728415e-01,3.525749827146093529e-01,7.582371031686581386e-02,-1.164414799870933520e-01,2.507780918768723888e-01,8.238405927980096966e-02,3.138594550598349797e-01,2.289510683850496386e-01
-5.541821230249890928e-02,-5.981890475435358567e-01,-1.577212269119793175e-01,-6.919747923441109394e-02,1.000000000000000000e+00,3.263218901671104399e-01,4.277952268162485971e-01,2.778462606243337629e-01,-8.903588498241726823e-02,3.338947276517034712e-01,1.457053051128582022e-01,3.296622670634015706e-01,-5.284776153258474718e-01,2.940656835679311132e-01,-7.346048587724751666e-02,-5.288078023206770339e-01,3.078762417266355245e-01,2.966578431044038511e-01,-3.974261344082952868e-02
-1.572978533729169348e-01,-6.151125235113685807e-01,8.125734822513767941e-02,4.562772987095201765e-02,3.263218901671104399e-01,1.000000000000000000e+00,5.761488345731132776e-01,6.998076740450113187e-01,2.942216811049370717e-01,5.445479181431832627e-01,5.625619443566239886e-01,4.945399651980469935e-01,-5.080844310022911703e-01,4.313215894289426089e-01,1.174150907553421080e-01,-4.189712519936443225e-01,4.483220514485588559e-01,4.255652563270965749e-01,-1.112971868539516240e-01
1.480954321144568320e-01,-4.945850270057075559e-01,-8.098713391318113075e-02,-5.225724638174177733e-02,4.277952268162485971e-01,5.761488345731132776e-01,1.000000000000000000e+00,6.167542881483014661e-01,-7.394474552081076006e-03,4.662179792607791251e-01,3.388044581820697232e-01,4.458119218568341591e-01,-4.114200395522383813e-01,2.838066964613346621e-01,2.219908185859454930e-01,-3.480584530629576845e-01,2.669325652587301034e-01,3.946335422051645003e-01,1.267870405859998217e-01
-2.313288743954839549e-02,-4.323583274200701321e-01,-5.880776584559221920e-02,-5.298610672444650088e-02,2.778462606243337629e-01,6.998076740450113187e-01,6.167542881483014661e-01,1.000000000000000000e+00,2.115792529313526293e-01,4.126634501935826371e-01,7.228886289448352986e-01,3.197910551869331264e-01,-3.836962556603129570e-01,3.342959547441666790e-01,4.755658903866449849e-01,-3.232511938443013988e-01,3.077332393270258981e-01,2.399567403083137929e-01,-1.302671837064106330e-01
-2.254797303894817695e-01,-3.086614265129033474e-01,-7.061997966227040457e-02,-3.108041764973261678e-01,-8.903588498241726823e-02,2.942216811049370717e-01,-7.394474552081076006e-03,2.115792529313526293e-01,1.000000000000000000e+00,-4.791202939440313280e-01,1.991378859526327372e-01,-6.851792841460297989e-01,-1.526079417182250875e-01,-2.271845008363245488e-01,4.352393796163530615e-01,-2.102157929442858009e-01,-2.968185447729170812e-01,-7.123665312961613427e-01,-1.713008144062825866e-01
7.552929203356377463e-02,-2.000652073518918717e-01,3.218261464688643159e-02,2.582015158421981926e-01,3.338947276517034712e-01,5.445479181431832627e-01,4.662179792607791251e-01,4.126634501935826371e-01,-4.791202939440313280e-01,1.000000000000000000e+00,2.637625133536698474e-01,8.507197743784065125e-01,-3.009709981094541020e-01,6.241343484085491999e-01,-2.151903956616344482e-01,-1.453829303308489806e-01,5.720077329183320680e-01,7.038680231900682482e-01,4.292015323026521223e-02
-2.396855275372019450e-02,-2.641810154430266899e-01,1.815485656664995173e-01,2.590495366892783813e-01,1.457053051128582022e-01,5.625619443566239886e-01,3.388044581820697232e-01,7.228886289448352986e-01,1.991378859526327372e-01,2.637625133536698474e-01,1.000000000000000000e+00,2.290207049640386461e-01,-2.048716155733664723e-01,2.849866055577454996e-02,4.243092803892897225e-01,-2.018262210740128237e-01,1.353566827625195812e-01,1.870491637177320032e-01,-9.005631969111557722e-02
8.772953036217741307e-02,-1.880827301365229631e-01,1.259860215777504344e-01,3.174209867962728415e-01,3.296622670634015706e-01,4.945399651980469935e-01,4.458119218568341591e-01,3.197910551869331264e-01,-6.851792841460297989e-01,8.507197743784065125e-01,2.290207049640386461e-01,1.000000000000000000e+00,-2.479699180072946485e-01,5.423803121185105658e-01,-3.323233632727792819e-01,-1.277249183900601159e-01,6.223487473658876334e-01,9.721581557255087880e-01,7.096188534636126144e-02
3.471571606023258760e-01,7.990978628347688018e-01,4.139260693085275999e-01,3.525749827146093529e-01,-5.284776153258474718e-01,-5.080844310022911703e-01,-4.114200395522383813e-01,-3.836962556603129570e-01,-1.526079417182250875e-01,-3.009709981094541020e-01,-2.048716155733664723e-01,-2.479699180072946485e-01,1.000000000000000000e+00,-2.834301711069858731e-01,-1.171236768531034450e-02,6.605633579574461400e-01,-3.027726941126999138e-01,-2.009365357027065868e-01,2.901048656178800145e-01
-1.423292401511597194e-01,-1.658524622665872306e-01,-8.414201378582704741e-03,7.582371031686581386e-02,2.940656835679311132e-01,4.313215894289426089e-01,2.838066964613346621e-01,3.342959547441666790e-01,-2.271845008363245488e-01,6.241343484085491999e-01,2.849866055577454996e-02,5.423803121185105658e-01,-2.834301711069858731e-01,1.000000000000000000e+00,-5.788765334406147378e-01,-1.157174165574551827e-01,9.009482979080938314e-01,4.432313827562818775e-01,-9.120382691595337044e-02
1.728577810374468948e-01,-1.417757571371247305e-01,-6.460424682435390864e-02,-1.164414799870933520e-01,-7.346048587724751666e-02,1.174150907553421080e-01,2.219908185859454930e-01,4.755658903866449849e-01,4.352393796163530615e-01,-2.151903956616344482e-01,4.243092803892897225e-01,-3.323233632727792819e-01,-1.171236768531034450e-02,-5.788765334406147378e-01,1.000000000000000000e+00,-1.187634224107990688e-01,-6.906441499285951302e-01,-3.515943504384722584e-01,1.191670990440189121e-02
3.299121894426608192e-01,7.951239686476592183e-01,3.856945740695061908e-01,2.507780918768723888e-01,-5.288078023206770339e-01,-4.189712519936443225e-01,-3.480584530629576845e-01,-3.232511938443013988e-01,-2.102157929442858009e-01,-1.453829303308489806e-01,-2.018262210740128237e-01,-1.277249183900601159e-01,6.605633579574461400e-01,-1.157174165574551827e-01,-1.187634224107990688e-01,1.000000000000000000e+00,-1.372924254682027501e-01,-1.077990782294613731e-01,2.861484328705303226e-01
-1.917506135822159286e-01,-2.021001826058769213e-01,2.150078517705997574e-02,8.238405927980096966e-02,3.078762417266355245e-01,4.483220514485588559e-01,2.669325652587301034e-01,3.077332393270258981e-01,-2.968185447729170812e-01,5.720077329183320680e-01,1.353566827625195812e-01,6.223487473658876334e-01,-3.027726941126999138e-01,9.009482979080938314e-01,-6.906441499285951302e-01,-1.372924254682027501e-01,1.000000000000000000e+00,5.775598067593205043e-01,-1.199833481463696144e-01
8.460248265053468830e-02,-1.649872847615998506e-01,1.559004184271876037e-01,3.138594550598349797e-01,2.966578431044038511e-01,4.255652563270965749e-01,3.946335422051645003e-01,2.399567403083137929e-01,-7.123665312961613427e-01,7.038680231900682482e-01,1.870491637177320032e-01,9.721581557255087880e-01,-2.009365357027065868e-01,4.432313827562818775e-01,-3.515943504384722584e-01,-1.077990782294613731e-01,5.775598067593205043e-01,1.000000000000000000e+00,7.676488418106527933e-02
8.983801687504837652e-01,2.895609960602943400e-01,1.988306523196173292e-01,2.289510683850496386e-01,-3.974261344082952868e-02,-1.112971868539516240e-01,1.267870405859998217e-01,-1.302671837064106330e-01,-1.713008144062825866e-01,4.292015323026521223e-02,-9.005631969111557722e-02,7.096188534636126144e-02,2.901048656178800145e-01,-9.120382691595337044e-02,1.191670990440189121e-02,2.861484328705303226e-01,-1.199833481463696144e-01,7.676488418106527933e-02,1.000000000000000000e+00
